1 0.567586 0.197445 0.118957 0.0692303 0.816626
1 0.86127 0.43072 0.114586 0.0677534 0.799501
1 0.421156 0.2204 0.120026 0.0683076 0.792222
2 0.577751 0.102868 0.113042 0.057856 0.786013
1 0.75845 0.247581 0.126864 0.0715407 0.767641
1 0.248593 0.29125 0.0982845 0.0566061 0.755562
1 0.413569 0.125222 0.112456 0.0599969 0.746565
0 0.303877 0.417301 0.123975 0.0889426 0.74481
1 0.798976 0.161243 0.10459 0.0559144 0.707143
0 0.400152 0.579834 0.080796 0.0663204 0.702363
0 0.770322 0.53722 0.140813 0.0845491 0.689504
0 0.457638 0.579413 0.0885512 0.0678253 0.685283
1 0.485117 0.707364 0.156638 0.0474069 0.655158
0 0.472619 0.668145 0.0721174 0.0579009 0.642613
0 0.362323 0.591598 0.083527 0.065078 0.640445
2 0.218544 0.232254 0.101701 0.0521468 0.63759
0 0.416729 0.39096 0.125945 0.0965551 0.620197
1 0.530953 0.379794 0.148945 0.106278 0.602092
0 0.539511 0.672083 0.0869112 0.0558902 0.594269
0 0.613484 0.654799 0.120081 0.0720827 0.507793
1 0.669163 0.398291 0.163942 0.0991741 0.495365
0 0.669619 0.399599 0.165546 0.101346 0.386205
1 0.613775 0.654401 0.118075 0.0710568 0.358488
0 0.421399 0.579594 0.0719107 0.066926 0.262879
