1 0.440094 0.252583 0.0904019 0.063191 0.825639
1 0.320822 0.295802 0.089248 0.0613517 0.796983
1 0.709373 0.274158 0.0734799 0.0472688 0.769747
1 0.69066 0.340764 0.0900212 0.0615074 0.764109
1 0.414618 0.156765 0.0784402 0.0510807 0.754589
1 0.548083 0.272619 0.0951246 0.065446 0.745546
1 0.391096 0.702384 0.100728 0.0741026 0.744255
0 0.534431 0.630678 0.0703569 0.0684606 0.71746
0 0.646917 0.462325 0.100244 0.0844755 0.700125
0 0.557544 0.4372 0.104094 0.0944967 0.693819
1 0.298253 0.218104 0.0770811 0.0479626 0.670047
1 0.524677 0.182233 0.0782135 0.049477 0.667858
0 0.356444 0.448008 0.131126 0.10274 0.663835
0 0.578539 0.62627 0.0653806 0.0650309 0.658555
0 0.51809 0.726906 0.0612986 0.0539889 0.614153
0 0.609232 0.638681 0.066735 0.0675402 0.590913
1 0.469215 0.430546 0.120252 0.102917 0.54422
0 0.139416 0.518003 0.080104 0.0647166 0.540292
1 0.45993 0.726048 0.0850244 0.0511206 0.533161
1 0.241551 0.593664 0.0995546 0.0787295 0.510711
0 0.240976 0.5942 0.101004 0.078916 0.438226
1 0.506511 0.766442 0.118334 0.0465764 0.390552
0 0.470584 0.430622 0.12104 0.103587 0.37433
0 0.515779 0.771291 0.114057 0.043632 0.301474
