1 0.244837 0.344225 0.110803 0.0688009 0.808479
1 0.561339 0.318391 0.11338 0.0690366 0.796532
1 0.417888 0.294945 0.114035 0.0726917 0.785366
1 0.691732 0.385413 0.0978156 0.0578176 0.77908
1 0.14669 0.513332 0.103044 0.0683388 0.766803
2 0.715298 0.32375 0.0925318 0.0522852 0.763602
1 0.218182 0.260419 0.0902859 0.0485215 0.756364
2 0.416535 0.197656 0.101493 0.0575507 0.73938
1 0.431851 0.47118 0.141537 0.115249 0.711342
0 0.473785 0.761361 0.0631453 0.0538792 0.710043
0 0.575848 0.688253 0.0804772 0.0662697 0.707488
0 0.541207 0.676417 0.0790029 0.0689708 0.704068
0 0.489344 0.676164 0.0771155 0.0684994 0.703652
0 0.537296 0.484218 0.116359 0.0999332 0.689645
1 0.217867 0.620912 0.131352 0.0836503 0.660607
0 0.304388 0.497113 0.142313 0.104103 0.65628
0 0.643255 0.513414 0.114548 0.0889042 0.631685
0 0.420506 0.762113 0.0689923 0.0509028 0.627303
2 0.584288 0.224147 0.0999106 0.0578551 0.587307
0 0.350446 0.746665 0.111418 0.0739491 0.536327
1 0.456422 0.801139 0.126665 0.0462845 0.441764
0 0.464687 0.808333 0.124191 0.0436023 0.311631
1 0.583852 0.224419 0.0996697 0.0580423 0.298046
1 0.419748 0.76249 0.0718471 0.0519659 0.29207
