1 0.18976 0.499588 0.109144 0.0585298 0.797739
1 0.355705 0.446254 0.115217 0.064171 0.792828
1 0.476368 0.408739 0.112194 0.0647303 0.785219
1 0.163463 0.435645 0.0903056 0.0445934 0.778611
1 0.354291 0.357863 0.102353 0.0535709 0.771398
0 0.237993 0.616477 0.124309 0.0818909 0.732609
0 0.857503 0.654827 0.111361 0.0603244 0.720669
0 0.422653 0.773029 0.0919286 0.0673985 0.709642
0 0.314059 0.783496 0.0839307 0.0615705 0.707106
2 0.480001 0.31665 0.103629 0.0543614 0.704289
0 0.355249 0.774228 0.0872379 0.0654403 0.702277
0 0.593037 0.587272 0.145094 0.0932064 0.696439
0 0.43105 0.863962 0.0680218 0.0478311 0.688607
1 0.588637 0.362121 0.0921502 0.0468866 0.678252
0 0.752417 0.7392 0.138601 0.080838 0.676332
0 0.461716 0.577206 0.135784 0.0945458 0.641483
2 0.600188 0.441919 0.125752 0.0675518 0.637159
0 0.489622 0.862976 0.0844999 0.0469763 0.61569
0 0.437716 0.907579 0.124228 0.0410042 0.60475
0 0.352038 0.603994 0.128147 0.0891835 0.531511
1 0.579222 0.841499 0.120602 0.0682774 0.480881
0 0.579938 0.841813 0.116425 0.0683088 0.477814
1 0.352191 0.603958 0.125972 0.0909337 0.37513
