1 0.400883 0.209595 0.112871 0.0687238 0.800074
2 0.423222 0.131191 0.0940145 0.0534046 0.775294
1 0.103088 0.385594 0.10406 0.0672181 0.764638
1 0.667437 0.218285 0.104373 0.0664248 0.764487
1 0.561453 0.182491 0.1099 0.0737768 0.734988
2 0.700067 0.132409 0.0937695 0.0563907 0.729268
0 0.446891 0.681622 0.0693497 0.0609069 0.704963
1 0.315143 0.633056 0.127306 0.0756316 0.70016
0 0.477837 0.589373 0.0819615 0.077218 0.693655
1 0.344806 0.381647 0.14732 0.107933 0.677488
0 0.536405 0.592625 0.0815394 0.0741043 0.672417
2 0.598008 0.100555 0.0895437 0.0498312 0.666682
0 0.577285 0.610014 0.0859401 0.0753147 0.622402
1 0.802855 0.276349 0.0817284 0.0513719 0.600783
2 0.800692 0.276545 0.0828745 0.0514435 0.599357
1 0.686019 0.441911 0.118479 0.093412 0.559016
1 0.491708 0.37246 0.127642 0.106585 0.547955
2 0.760763 0.31158 0.101605 0.0663302 0.511682
0 0.601928 0.396199 0.119977 0.100134 0.487815
1 0.414989 0.720124 0.1456 0.0598795 0.478975
0 0.190332 0.48931 0.121276 0.0824614 0.478079
1 0.761282 0.311647 0.102173 0.0658429 0.472332
0 0.425363 0.727974 0.129978 0.0497658 0.447823
1 0.380649 0.676748 0.0958653 0.0599569 0.41116
1 0.601873 0.396494 0.122849 0.0994142 0.4029
2 0.380662 0.67536 0.0976349 0.0593059 0.357883
