1 0.665339 0.29594 0.101033 0.0643544 0.837864
1 0.776636 0.399635 0.092927 0.0598347 0.793181
1 0.82721 0.345565 0.0797524 0.0464585 0.78325
0 0.419323 0.710973 0.0654985 0.0585766 0.77979
0 0.58989 0.45614 0.111051 0.084581 0.753047
1 0.707996 0.205073 0.0870027 0.0518975 0.750864
0 0.375877 0.412556 0.120834 0.0930251 0.74869
1 0.529791 0.23219 0.105971 0.0669321 0.737954
0 0.496459 0.417481 0.117557 0.0972229 0.736417
0 0.547158 0.65748 0.0790373 0.0644739 0.723411
1 0.368237 0.250115 0.100578 0.0628839 0.689611
0 0.672993 0.507218 0.113638 0.0838168 0.678044
0 0.515572 0.642565 0.0734742 0.0683145 0.669602
0 0.371161 0.699257 0.0862462 0.051255 0.663024
0 0.459417 0.629305 0.0769984 0.0689636 0.650885
1 0.156216 0.420849 0.106657 0.063753 0.639267
1 0.367544 0.165323 0.0843845 0.0469045 0.548032
0 0.223042 0.521274 0.121975 0.071568 0.527753
0 0.320075 0.660521 0.0961997 0.0578124 0.527696
1 0.549653 0.129047 0.0918965 0.0541792 0.517952
0 0.402233 0.758958 0.114002 0.0457546 0.468793
1 0.319537 0.660397 0.096535 0.0563754 0.447924
