1 0.27263 0.492263 0.0969603 0.0506374 0.805987
1 0.22874 0.43942 0.0882587 0.0417632 0.773231
0 0.699199 0.549881 0.133143 0.0824701 0.759675
0 0.492665 0.73688 0.0788872 0.0596794 0.747199
0 0.46702 0.564145 0.113188 0.0767719 0.744135
0 0.551602 0.733996 0.0789337 0.059275 0.7413
0 0.811549 0.65085 0.129608 0.0665911 0.733125
1 0.417317 0.331564 0.0960453 0.0470687 0.724331
1 0.437055 0.417159 0.113517 0.0575733 0.723051
0 0.360122 0.595781 0.123365 0.0742127 0.721007
0 0.566028 0.808665 0.0670782 0.049515 0.713829
0 0.879577 0.560894 0.111968 0.0526207 0.698333
0 0.569161 0.54081 0.129473 0.0881733 0.698269
0 0.45319 0.747372 0.0787274 0.0572723 0.685467
1 0.767956 0.334467 0.0941862 0.0437964 0.665187
0 0.620061 0.799764 0.0822525 0.0395575 0.661459
1 0.745878 0.407912 0.111566 0.0577663 0.658614
1 0.582292 0.283302 0.0989489 0.0473253 0.650612
0 0.586637 0.847111 0.124844 0.0386904 0.627042
1 0.580633 0.375096 0.113793 0.0601629 0.576702
1 0.686128 0.769569 0.10733 0.0506679 0.568227
0 0.686811 0.768764 0.1057 0.0499121 0.354058
