1 0.862117 0.539449 0.121452 0.0732725 0.798687
1 0.562094 0.341925 0.117853 0.0695349 0.774269
1 0.300804 0.335918 0.113516 0.0692861 0.766617
1 0.413445 0.315081 0.111191 0.068567 0.764262
1 0.777494 0.639328 0.147996 0.0893186 0.746722
1 0.62176 0.758169 0.119126 0.0708381 0.719629
0 0.455276 0.690208 0.0928925 0.0740432 0.665868
1 0.258441 0.537565 0.122925 0.083226 0.66053
0 0.35258 0.705008 0.0876295 0.068647 0.646147
2 0.346668 0.232764 0.0953073 0.0523379 0.645681
0 0.390744 0.690514 0.0826872 0.0692135 0.629981
0 0.470715 0.786327 0.0728388 0.0560605 0.627784
1 0.627515 0.505557 0.152529 0.10584 0.610869
1 0.487707 0.489564 0.1325 0.0934313 0.58946
1 0.522587 0.266475 0.0982172 0.051991 0.576883
2 0.190278 0.407835 0.118945 0.0618407 0.574802
1 0.242638 0.251395 0.102888 0.0546478 0.538379
2 0.160668 0.370029 0.0958849 0.0507854 0.516577
1 0.534797 0.786203 0.0896448 0.0540777 0.491107
1 0.161048 0.370459 0.0971271 0.0528317 0.477752
0 0.36271 0.503406 0.12549 0.0912748 0.462355
0 0.534113 0.786255 0.0856609 0.0539858 0.43232
1 0.485539 0.827454 0.150725 0.0497063 0.424814
1 0.364357 0.503505 0.12386 0.0911224 0.412975
1 0.190435 0.407682 0.117863 0.0623533 0.412425
0 0.475533 0.833848 0.139659 0.0417576 0.385773
2 0.243061 0.250937 0.102766 0.0528669 0.347761
